 Episode     MeanReward     MeanLength      TimeDelta                Time
     100        654.760        254.150       1798.717 2021-12-08T05:52:47
     200        760.120        261.480       1858.703 2021-12-08T06:23:46
     300        531.450        176.880       1289.259 2021-12-08T06:45:15
     400        534.060        191.490       1437.910 2021-12-08T07:09:13
     500        469.800        178.580       1329.885 2021-12-08T07:31:23
     600        430.680        162.100       1210.504 2021-12-08T07:51:33
     700        499.970        178.430       1317.294 2021-12-08T08:13:31
     800        493.790        100.850        737.277 2021-12-08T08:25:48
     900        373.590        180.280       1317.265 2021-12-08T08:47:45
    1000        286.540        114.250        834.681 2021-12-08T09:01:40
    1100        466.490        286.010       2085.467 2021-12-08T09:36:25
    1200        296.660        110.830        811.605 2021-12-08T09:49:57
    1300        282.030         66.030        476.419 2021-12-08T09:57:53
    1400        298.230         70.000        503.470 2021-12-08T10:06:17
    1500        273.780         58.270        413.825 2021-12-08T10:13:11
    1600        282.080        117.790        845.126 2021-12-08T10:27:16
    1700        279.080         68.810        495.877 2021-12-08T10:35:32
    1800        260.270         55.540        392.746 2021-12-08T10:42:04
    1900        257.110         53.900        380.570 2021-12-08T10:48:25
    2000        281.780         55.760        398.492 2021-12-08T10:55:04
    2100        264.240         53.700        379.919 2021-12-08T11:01:23
    2200        230.950         40.030        291.492 2021-12-08T11:06:15
    2300        241.180         92.930        689.176 2021-12-08T11:17:44
    2400        249.220         49.370        360.008 2021-12-08T11:23:44
    2500        246.130         55.780        406.559 2021-12-08T11:30:31
    2600        264.050         67.840        513.211 2021-12-08T11:39:04
    2700        301.540         97.380        731.932 2021-12-08T11:51:16
    2800        311.290         86.680        635.576 2021-12-08T12:01:51
    2900        301.430         86.630        641.507 2021-12-08T12:12:33
    3000        285.180         71.430        523.240 2021-12-08T12:21:16
    3100        231.000         40.000        289.912 2021-12-08T12:26:06
    3200        231.000         40.000        285.909 2021-12-08T12:30:52
    3300        236.410         61.040        437.374 2021-12-08T12:38:09
    3400        228.480         59.650        427.381 2021-12-08T12:45:17
    3500        230.950         40.030        287.155 2021-12-08T12:50:04
    3600        258.490         92.410        665.668 2021-12-08T13:01:10
    3700        277.150         74.000        536.330 2021-12-08T13:10:06
    3800        282.260         77.730        558.585 2021-12-08T13:19:24
    3900        279.930         71.480        515.473 2021-12-08T13:28:00
    4000        299.550         71.860        518.343 2021-12-08T13:36:38
    4100        267.730         63.880        460.106 2021-12-08T13:44:18
    4200        271.890         66.070        475.588 2021-12-08T13:52:14
    4300        236.190         44.050        320.122 2021-12-08T13:57:34
    4400        242.160         53.610        387.474 2021-12-08T14:04:02
    4500        252.260         67.400        486.177 2021-12-08T14:12:08
    4600        231.000         40.000        288.383 2021-12-08T14:16:56
    4700        247.000         70.980        509.971 2021-12-08T14:25:26
    4800        255.560         67.970        489.579 2021-12-08T14:33:36
    4900        245.950         50.710        367.191 2021-12-08T14:39:43
    5000        231.000         40.000        288.305 2021-12-08T14:44:31
    5100        231.000         40.000        290.443 2021-12-08T14:49:22
    5200        235.240         49.020        355.012 2021-12-08T14:55:17
    5300        228.480         59.650        441.607 2021-12-08T15:02:38
    5400        231.000         40.000        294.868 2021-12-08T15:07:33
    5500        223.750        157.970       1165.564 2021-12-08T15:26:59
    5600        231.000         40.000        294.651 2021-12-08T15:31:53
    5700        250.970         68.600        506.057 2021-12-08T15:40:19
    5800        231.570         57.360        424.984 2021-12-08T15:47:24
    5900        231.000         40.000        297.017 2021-12-08T15:52:21
    6000        231.000         40.000        295.800 2021-12-08T15:57:17
    6100        231.000         40.000        294.508 2021-12-08T16:02:12
    6200        282.980         95.540        706.833 2021-12-08T16:13:59
    6300        259.750         54.790        390.465 2021-12-08T16:20:29
    6400        278.530         78.890        561.403 2021-12-08T16:29:50
    6500        272.260         83.200        592.051 2021-12-08T16:39:42
    6600        295.590         92.810        661.283 2021-12-08T16:50:44
    6700        260.190         54.930        393.871 2021-12-08T16:57:18
    6800        241.840         46.270        332.219 2021-12-08T17:02:50
    6900        250.040         78.430        562.468 2021-12-08T17:12:12
    7000        259.730         85.640        612.765 2021-12-08T17:22:25
    7100        256.790         75.780        540.074 2021-12-08T17:31:25
    7200        242.570         44.060        314.982 2021-12-08T17:36:40
    7300        251.600         65.870        471.453 2021-12-08T17:44:32
    7400        254.950         55.190        397.660 2021-12-08T17:51:09
    7500        241.610         77.950        558.433 2021-12-08T18:00:28
    7600        252.110         73.430        527.215 2021-12-08T18:09:15
    7700        252.750         60.620        434.556 2021-12-08T18:16:29
    7800        231.000         40.000        285.749 2021-12-08T18:21:15
    7900        236.460         41.670        297.813 2021-12-08T18:26:13
    8000        231.000         40.000        288.140 2021-12-08T18:31:01
    8100        228.480         59.650        431.500 2021-12-08T18:38:13
    8200        229.160         79.300        572.079 2021-12-08T18:47:45
    8300        249.340         45.990        331.291 2021-12-08T18:53:16
    8400        249.150         64.860        468.542 2021-12-08T19:01:05
    8500        230.950         40.030        289.031 2021-12-08T19:05:54
    8600        229.950        123.860        891.180 2021-12-08T19:20:45
    8700        235.350         64.520        463.478 2021-12-08T19:28:28
    8800        323.730         75.910        545.280 2021-12-08T19:37:34
    8900        251.250         45.160        324.981 2021-12-08T19:42:59
    9000        235.040         41.220        295.806 2021-12-08T19:47:54
    9100        231.000         40.000        288.599 2021-12-08T19:52:43
    9200        230.080         59.650        429.804 2021-12-08T19:59:53
    9300        231.000         40.000        288.114 2021-12-08T20:04:41
    9400        231.000         40.000        288.066 2021-12-08T20:09:29
    9500        218.400        138.250        995.525 2021-12-08T20:26:04
    9600        231.000         40.000        288.508 2021-12-08T20:30:53
    9700        252.020         93.810        681.443 2021-12-08T20:42:14
    9800        243.470         45.690        332.709 2021-12-08T20:47:47
    9900        271.300        128.670        931.015 2021-12-08T21:03:18
   10000        234.970         44.520        324.500 2021-12-08T21:08:43
   10100        234.820         40.750        295.614 2021-12-08T21:13:38
   10200        239.180         84.270        608.820 2021-12-08T21:23:47
   10300        259.900         78.530        565.481 2021-12-08T21:33:13
   10400        231.000         40.000        287.648 2021-12-08T21:38:00
   10500        234.840         41.210        295.697 2021-12-08T21:42:56
   10600        277.030        108.450        784.463 2021-12-08T21:56:00
   10700        251.590         93.580        672.216 2021-12-08T22:07:13
   10800        242.700         42.160        301.889 2021-12-08T22:12:14
   10900        241.680         70.560        512.832 2021-12-08T22:20:47
   11000        268.190         60.980        440.172 2021-12-08T22:28:07
   11100        249.890         44.120        319.722 2021-12-08T22:33:27
   11200        234.890         40.610        295.972 2021-12-08T22:38:23
   11300        231.000         40.000        287.684 2021-12-08T22:43:11
   11400        235.030         41.260        296.806 2021-12-08T22:48:08
   11500        276.190         81.000        602.159 2021-12-08T22:58:10
   11600        311.080         91.110        675.560 2021-12-08T23:09:25
   11700        231.000         40.000        296.354 2021-12-08T23:14:22
   11800        260.300        162.410       1202.584 2021-12-08T23:34:24
   11900        262.620         58.380        429.307 2021-12-08T23:41:34
   12000        231.000         40.000        288.371 2021-12-08T23:46:22
   12100        228.480         59.650        425.224 2021-12-08T23:53:27
   12200        241.030         67.410        482.367 2021-12-09T00:01:30
   12300        231.000         40.000        285.443 2021-12-09T00:06:15
   12400        231.000         40.000        286.256 2021-12-09T00:11:01
   12500        231.000         40.000        288.519 2021-12-09T00:15:50
   12600        231.000         40.000        289.020 2021-12-09T00:20:39
   12700        231.000         40.000        286.631 2021-12-09T00:25:25
   12800        231.000         40.000        285.742 2021-12-09T00:30:11
   12900        231.000         40.000        282.383 2021-12-09T00:34:54
   13000        231.000         40.000        281.505 2021-12-09T00:39:35
   13100        231.000         40.000        280.959 2021-12-09T00:44:16
   13200        231.000         40.000        281.014 2021-12-09T00:48:57
   13300        231.000         40.000        285.250 2021-12-09T00:53:42
   13400        231.000         40.000        286.420 2021-12-09T00:58:29
   13500        231.000         40.000        286.682 2021-12-09T01:03:15
   13600        231.000         40.000        289.040 2021-12-09T01:08:04
   13700        231.000         40.000        287.324 2021-12-09T01:12:52
   13800        231.000         40.000        287.409 2021-12-09T01:17:39
   13900        231.000         40.000        287.983 2021-12-09T01:22:27
   14000        231.000         40.000        288.872 2021-12-09T01:27:16
   14100        231.000         40.000        287.960 2021-12-09T01:32:04
   14200        231.000         40.000        288.817 2021-12-09T01:36:53
   14300        231.000         40.000        286.142 2021-12-09T01:41:39
   14400        231.000         40.000        286.515 2021-12-09T01:46:25
   14500        231.000         40.000        287.341 2021-12-09T01:51:13
   14600        231.000         40.000        287.665 2021-12-09T01:56:00
   14700        231.000         40.000        287.737 2021-12-09T02:00:48
   14800        231.000         40.000        288.002 2021-12-09T02:05:36
   14900        231.000         40.000        289.004 2021-12-09T02:10:25
   15000        231.000         40.000        289.043 2021-12-09T02:15:14
   15100        231.000         40.000        287.792 2021-12-09T02:20:02
   15200        231.000         40.000        290.574 2021-12-09T02:24:53
   15300        231.000         40.000        289.988 2021-12-09T02:29:43
   15400        231.000         40.000        288.877 2021-12-09T02:34:31
   15500        231.000         40.000        288.793 2021-12-09T02:39:20
   15600        231.000         40.000        290.048 2021-12-09T02:44:10
   15700        231.000         40.000        289.566 2021-12-09T02:49:00
   15800        231.000         40.000        289.279 2021-12-09T02:53:49
   15900        231.000         40.000        288.005 2021-12-09T02:58:37
   16000        231.000         40.000        289.325 2021-12-09T03:03:26
   16100        231.000         40.000        289.007 2021-12-09T03:08:15
   16200        231.000         40.000        288.539 2021-12-09T03:13:04
   16300        231.000         40.000        289.056 2021-12-09T03:17:53
   16400        231.000         40.000        288.887 2021-12-09T03:22:42
   16500        231.000         40.000        288.573 2021-12-09T03:27:31
   16600        231.000         40.000        289.651 2021-12-09T03:32:20
   16700        231.000         40.000        288.397 2021-12-09T03:37:09
   16800        231.000         40.000        288.511 2021-12-09T03:41:57
   16900        231.000         40.000        289.762 2021-12-09T03:46:47
   17000        231.000         40.000        289.590 2021-12-09T03:51:36
   17100        231.000         40.000        289.566 2021-12-09T03:56:26
   17200        231.000         40.000        289.284 2021-12-09T04:01:15
   17300        231.000         40.000        288.921 2021-12-09T04:06:04
   17400        231.000         40.000        289.189 2021-12-09T04:10:53
   17500        231.000         40.000        288.899 2021-12-09T04:15:42
   17600        231.000         40.000        290.954 2021-12-09T04:20:33
   17700        231.000         40.000        290.216 2021-12-09T04:25:23
   17800        231.000         40.000        289.878 2021-12-09T04:30:13
   17900        231.000         40.000        289.113 2021-12-09T04:35:02
   18000        231.000         40.000        288.814 2021-12-09T04:39:51
   18100        231.000         40.000        290.511 2021-12-09T04:44:42
   18200        231.000         40.000        288.562 2021-12-09T04:49:30
   18300        231.000         40.000        288.953 2021-12-09T04:54:19
   18400        231.000         40.000        289.216 2021-12-09T04:59:09
   18500        231.000         40.000        289.428 2021-12-09T05:03:58
   18600        231.000         40.000        291.264 2021-12-09T05:08:49
   18700        231.000         40.000        291.709 2021-12-09T05:13:41
   18800        231.000         40.000        291.691 2021-12-09T05:18:33
   18900        231.000         40.000        288.593 2021-12-09T05:23:21
   19000        231.000         40.000        288.345 2021-12-09T05:28:10
   19100        231.000         40.000        288.998 2021-12-09T05:32:59
   19200        231.000         40.000        291.266 2021-12-09T05:37:50
   19300        231.000         40.000        289.110 2021-12-09T05:42:39
   19400        231.000         40.000        289.242 2021-12-09T05:47:28
   19500        231.000         40.000        289.516 2021-12-09T05:52:18
   19600        231.000         40.000        289.106 2021-12-09T05:57:07
   19700        231.000         40.000        290.858 2021-12-09T06:01:58
   19800        231.000         40.000        288.993 2021-12-09T06:06:47
   19900        231.000         40.000        289.501 2021-12-09T06:11:36
   20000        231.000         40.000        290.928 2021-12-09T06:16:27
   20100        231.000         40.000        290.516 2021-12-09T06:21:18
   20200        231.000         40.000        289.473 2021-12-09T06:26:07
   20300        231.000         40.000        289.056 2021-12-09T06:30:56
   20400        231.000         40.000        288.942 2021-12-09T06:35:45
   20500        231.000         40.000        290.140 2021-12-09T06:40:35
   20600        231.000         40.000        289.477 2021-12-09T06:45:25
   20700        231.000         40.000        288.872 2021-12-09T06:50:14
   20800        231.000         40.000        288.925 2021-12-09T06:55:02
   20900        231.000         40.000        289.611 2021-12-09T06:59:52
   21000        231.000         40.000        290.519 2021-12-09T07:04:43
